
 2
 2
2 2
3 3
1 2
3 3
1 3
2 3
1 3
1 3
2 3
2 3
3 3
3 3
3 2 2
2 2 2
2 1 4
1 3 3
1 1 4

16 4 15 22 16 6 13 13 24 4 18 14 16 18 25 19 13 13 25 20 18 13 13 18 2
31 5 3 25 10 27 13 21 4 4 21 27 29 27 20 7 3 23 5 15 27 27 28 21 5 11 2 5 21 3

19 12 1 10 6 11 20 17 7 16 20 1 12 10 3 6 3 17 12 16 1
12 2 4 2 12 12 4 7 3 2 7
13 9 32 44 10 31 21 37 14 33 25 44 23 46 2 31 7 21 10 28 2 29 42 36 29 29 15 33 4 23 42 9 31 21 17 9 2 45 32 46 2 22 9 7 29 9 9
31 12 43 45 45 31 38 17 11 47 23 45 33 31 40 9 29 45 44 41 25 22 44 19 31 37 45 25 43 4 19 45 12 1 18 31 18 21 38 34 17 21 4 31 12 12 44 4
10 17 29 17 23 12 23 7 9 17 21 17 17 19 4 10 1 30 10 10 8 19 21 4 9 17 3 19 10 1
6 27 26 38 38 47 20 15 29 32 28 40 6 24 18 25 15 33 37 42 8 33 27 36 27 32 45 33 28 15 36 8 39 33 25 33 49 28 27 17 27 47 33 47 36 31 26 8 8
6 41 38 43 21 21 24 39 41 19 18 30 44 9 44 36 31 16 8 12 15 3 2 5 24 32 27 36 13 45 15 32 31 45 24 10 31 11 10 19 10 16 31 10 3
13 7 13 3 13 3 6 12 2 13 13 6 13 16 13 6
 2
19 20 1 1 3 10 13 1 20 10 20 14 23 9 9 23 17 19 23 14 20 13 2
1 38 23 26 24 13 1 25 36 14 16 33 30 7 39 13 5 31 33 16 17 32 27 7 2 25 36 18 27 27 25 36 17 27 15 5 13 2
4 13 41 35 3 16 46 3 20 43 6 36 40 13 33 16 37 6 46 29 3 6 42 16 36 11 5 30 25 11 29 4 34 24 20 21 29 6 34 5 46 20 36 22 34 36 46 34 5
1 20 17 17 5 8 3 11 4 5 20 17 10 3 14 11 17 18 2
32 5 41 20 25 11 17 13 8 21 22 28 14 7 25 28 31 25 22 16 30 3 32 31 31 13 8 7 24 35 7 22 3 16 25 21 3 35 31 3
5 3 3 5
-1 26 26 11 11 2 2 19 19 7 7 27 27 3 3 9 2 9 2 1 1 15 15 20 0 15 7 15 7 27 27 3 3 2 13 1 2 13 1 27 27 3 3 7 8 1 7 8 1 3 1 20 -1 3 1 1
7 3 1 3 1 7
3 5 3 4 11 9 5 9 3 5
10 16 5 17 5 13 20 22 9 11 11 11 11 11 5 11 17 16 14 21 2
15 10 11 11 12 4 8 12 8 15 5 1 8 8
1 3
14 4 22 23 23 2 14 9 23 11 7 25 21 26 19 27 5 30 11 7 2 7 23 4 16 4 25 11 1
-1 9 9 1 1 3 13 3 13 2 9 1 2 9 1 6 17 6 17 4 4 4 4 4 1 4 1 15 1 10 -1 15 1 1
11 25 10 5 6 5 31 17 31 4 1 7 13 21 19 6 13 11 1 4 31 31 20 26 1 13 28 13 17 21 2
11 9 2 9 4 17 2 9 10 6 12 12 3 15 17 9 9
13 11 24 36 32 9 9 16 19 19 37 24 12 3 19 38 24 8 38 12 36 2 34 12 34 24 17 1 39 12 17 14 9 9 26 7 38 9 9
7 7 3 10 12 4 12 7 4 4 7
4 8 7 7 7 2 7
1 10 14 2 1 15 7 1 6 6 13 11 10 1
3 4 4
18 18 45 46 43 10 7 11 14 40 37 25 8 46 37 42 17 30 46 45 2 43 10 43 6 40 35 7 33 43 33 40 46 33 40 7 29 27 43 13 45 43 14 42 7 7
11 31 11 14 24 25 26 22 25 9 28 13 5 26 17 16 17 16 24 26 30 26 14 20 29 20 24 20 20 2
2 3 3
22 33 20 29 17 32 11 30 33 21 15 9 17 9 17 24 21 11 30 5 10 14 17 9 17 9 30 17 28 18 3 18 33 3
36 20 2 25 16 22 26 9 32 10 5 36 14 18 32 36 9 22 33 2 10 33 33 18 36 28 29 32 37 32 32 21 26 16 32 22 3
2 9 7 9 11 8 4 9 9 9
31 26 10 25 2 20 20 31 25 28 12 31 20 7 22 23 10 31 31 20 31 22 26 23 26 31 15 31 13 15 3
34 4 6 31 17 13 35 6 10 31 4 19 2 20 1 22 23 6 18 18 19 23 22 33 35 2 33 37 38 20 16 23 33 28 24 16 18 2

29 31 31 14 14 6 6 39 39 4 4 11 11 20 20 31 31 1 1 39 39 5 5 31 31 3 11 3 11 19 16 19 6 4 14 4 14 6 7 23 35 6 11 5 11 5 5 5 35 35 8 8 16 6 35 35 37 16 37 6 5 1 5 1 14 16 14 6 8 31 35 1 16 8 31 35 16 -1 6 7 23 35 1 6
6 3 1 3 6
19 12 4 17 16 10 17 4 17 17 2 21 21 3 16 17 8 18 13 16 3 3
36 18 30 41 26 22 35 15 25 2 27 25 36 36 34 25 39 2 35 6 6 39 10 21 16 20 25 10 41 35 6 20 2 22 13 42 10 17 34 30 25 10 6
4 18 20 7 3 23 22 23 20 20 11 3 17 14 20 17 21 18 3 21 18 20 3
12 1 5 12 1 12 5 10 8 12 4 4
28 24 30 31 41 8 17 4 35 7 38 13 4 17 26 35 23 24 40 30 27 2 28 7 13 12 39 29 15 26 39 10 2 17 39 36 39 16 2 3

5 10 8 14 10 10 5 10 3 4 7 3 7 7 2 18 7
18 24 10 7 17 3 3 15 10 14 18 14 11 3 17 24 3 14 21 3 22 14 2
36 27 38 13 32 32 23 19 32 29 3 11 34 21 16 34 6 34 25 35 34 22 34 21 31 35 19 6 6 21 22 38 22 17 22 25 6
6 3 10 10 4 4 6 6 6 9
-1 25 25 36 36 22 22 1 1 35 35 36 36 18 18 31 1 15 15 20 20 22 22 29 29 14 14 3 3 18 18 33 33 22 22 11 1 11 1 31 1 2 31 2 1 28 9 22 28 9 22 1 1 3 31 3 1 14 15 14 15 1 18 22 1 18 22 22 15 31 -1 22 15 1
45 10 4 10 16 23 50 35 45 9 35 27 37 46 45 43 24 14 47 42 18 17 5 18 10 45 43 5 37 38 4 35 4 16 9 44 50 21 11 16 2 17 37 2 8 16 16 45 4
5 1 5 5
21 12 24 15 20 29 2 8 7 29 34 19 12 8 15 34 16 19 23 36 9 2 14 7 14 14 25 5 20 25 14 25 19 4 34 3
5 27 5 12 17 29 16 16 13 17 20 15 7 16 6 23 3 6 16 12 6 17 22 14 22 4 15 16 1
2 20 46 32 4 7 15 6 38 7 24 38 17 32 5 21 33 46 36 26 2 30 18 13 35 4 4 26 7 10 42 42 29 27 4 47 17 18 7 13 27 38 13 21 2 21 38 3
6 10 24 18 18 7 3 26 6 9 7 16 25 7 3 23 16 7 23 15 7 30 20 22 9 16 16 2 7
13 14 1 43 6 34 35 31 26 11 11 29 8 41 6 12 8 11 17 11 17 44 44 37 43 44 10 14 30 35 32 18 11 28 16 6 14 10 18 28 8 10 8
-1 30 30 20 20 18 18 7 7 26 26 33 33 35 35 31 31 37 37 6 6 36 36 4 4 33 33 12 17 12 17 24 32 24 32 16 16 4 1 4 1 17 17 17 35 17 35 37 37 38 38 1 33 10 1 33 0 35 6 35 6 16 36 10 16 36 0 23 23 7 23 6 32 10 -1 7 23 6 32 3
29 19 4 6 36 11 3 29 4 5 36 3 32 32 14 37 7 36 17 22 7 19 4 17 34 5 29 24 36 6 11 36 36 6 20 3 29 17 6
18 28 14 17 2 12 6 31 12 15 22 26 18 26 34 42 24 41 31 48 26 4 47 35 29 25 5 27 18 12 48 25 42 43 22 41 31 7 17 48 5 5 11 14 27 41 5 5
1 3
4 20 21 13 16 9 13 20 8 13 22 5 15 9 15 16 3 15 6 13 16 2
4 10 10 1 18 1 18 7 8 7 8 8 8 8 8 20 20 2 -1 15 15 2 -1 9 5 15 9 5 15 15 8 4 17 2 -1 15 8 4 4
9 19 2 5 12 2 18 20 2 18 20 18 5 13 5 2 3 12 2
-1 22 22 11 11 21 21 19 19 30 30 39 39 23 23 14 14 20 0 5 5 15 15 3 22 3 22 37 37 23 23 15 15 14 30 14 30 21 21 6 6 5 5 34 34 35 35 23 21 20 23 21 0 20 0 5 20 5 0 32 32 6 20 6 0 15 32 20 15 32 0 39 39 17 20 -1 17 1
3 16 36 2 25 20 5 43 34 26 43 40 26 5 2 34 34 30 17 23 26 27 33 31 23 13 43 8 38 38 36 7 17 20 34 34 2 33 17 30 2 17 3
37 37 47 2 13 42 21 42 15 17 17 15 35 17 5 15 15 17 25 39 7 23 47 47 46 33 35 37 1 13 17 6 35 37 35 15 3 42 49 44 6 40 47 45 13 45 6 6
14 24 26 7 26 20 7 3 23 26 22 12 19 4 4 20 7 23 16 1 4 7 17 14 7 7
26 28 23 36 14 30 34 33 16 18 12 18 12 2 19 36 31 26 31 37 10 7 15 7 35 36 24 4 2 19 14 37 2 4 35 3
8 8 17 8 11 23 17 23 25 17 8 20 12 18 11 11 25 25 25 25 19 25 20 2
3 12 12 10 9 12 3 12 11 12 9
6 25 19 16 9 21 14 13 8 31 33 8 26 22 25 1 9 31 24 10 15 7 6 31 1 33 24 10 8 33 1 30 1 24 2
-1 -1 -1 8 8 13 13 -1 -1 20 20 10 1 10 -1 20 20 38 38 3 3 14 14 3 3 15 15 4 12 4 12 1 -1 7 7 31 31 2 21 2 21 14 14 14 14 3 7 3 7 14 14 28 12 14 21 28 12 14 21 1 -1 24 24 24 24 15 24 7 21 1 -1 15 24 7 7
14 3 32 15 32 16 25 29 4 31 9 26 25 17 9 12 16 13 13 29 17 26 26 12 31 26 13 18 15 13 1
3 5 5 10 7 12 12 9 9 7 5 10 5 5
23 12 37 7 38 36 29 20 37 37 13 31 28 28 24 9 43 16 2 35 2 1 2 43 23 3 37 5 1 35 3 1 34 2 1 43 2 1 37 43 1 3 38 3
9 16 10 7 10 10 20 15 12 13 15 8 13 22 11 5 22 9 13 16 23 2
28 9 13 30 24 29 15 8 16 39 11 35 12 24 17 1 30 35 39 24 3 4 28 18 24 40 20 36 3 17 24 12 23 35 31 19 41 41 31 3

28 2 1 2 1 19 19 35 35 5 5 11 5 11 5 23 23 5 5 9 24 9 24 22 22 21 21 4 21 27 4 21 27 37 37 5 5 7 7 25 5 25 5 1 1 10 10 23 20 23 0 7 10 18 7 10 18 19 27 20 19 27 0 5 18 20 5 18 0 1 20 -1 1 1
3 1 2 2
7 5 5 7 7 5 7
18 6 2 9 23 7 17 14 3 21 10 18 8 4 4 2 16 14 4 9 20 21 4
20 28 4 18 1 13 1 12 32 13 17 12 32 35 16 13 12 5 28 34 35 22 16 28 34 5 16 35 5 8 29 35 29 5
21 19 12 9 13 9 13 6 21 29 30 7 13 12 4 32 9 6 17 26 29 22 11 36 19 34 32 9 6 4 32 7 9 6 4 9 9
2 6 2 6 2 7
2 10 6 1 11 15 10 14 4 1 7 1 8 2 12 1 1
19 20 19 19 31 4 7 19 31 15 21 10 22 8 31 13 7 3 22 3 31 8 29 31 20 20 2 2 2 3
8 8 6 2 3 2 5 6 12 3 8 5 13 5 2 10 8 8
-1 3 -1 27 27 30 30 28 28 10 10 30 30 18 18 29 29 23 23 29 29 5 10 5 10 6 1 2 6 1 2 27 27 10 17 10 17 30 30 17 15 17 15 23 23 15 15 32 32 15 15 2 2 15 15 25 25 27 23 25 15 27 23 25 15 15 2 34 3 -1 15 2 3
1 1 6 6 1 6
20 29 26 6 8 26 8 8 25 10 5 23 6 6 16 13 25 10 20 25 2 23 16 20 27 29 20 24 23 19 20 23 2
10 3 12 5 1 5 12 6 5 10 12 1 5
11 10 8 3 12 9 1 9 11 1 1
